0.0227462000 0.0000000000 0.0000000000 -0.0343398000 0.0000000000 0.0000000000 0.0055815000 0.0000000000 0.0000000000 0.0060121000 0.0000000000 0.0000000000
0.0000000000 0.0227462000 0.0000000000 0.0000000000 -0.0343398000 0.0000000000 0.0000000000 0.0055815000 0.0000000000 0.0000000000 0.0060121000 0.0000000000
0.0000000000 0.0000000000 0.4237123000 0.0000000000 0.0000000000 -0.4295359000 0.0000000000 0.0000000000 0.0057319000 0.0000000000 0.0000000000 0.0000917000
-0.0343398000 0.0000000000 0.0000000000 0.0922274000 0.0000000000 0.0000000000 -0.0634691000 0.0000000000 0.0000000000 0.0055815000 0.0000000000 0.0000000000
0.0000000000 -0.0343398000 0.0000000000 0.0000000000 0.0922274000 0.0000000000 0.0000000000 -0.0634691000 0.0000000000 0.0000000000 0.0055815000 0.0000000000
0.0000000000 0.0000000000 -0.4295359000 0.0000000000 0.0000000000 1.5417029000 0.0000000000 0.0000000000 -1.1178989000 0.0000000000 0.0000000000 0.0057319000
0.0055815000 0.0000000000 0.0000000000 -0.0634691000 0.0000000000 0.0000000000 0.0922274000 0.0000000000 0.0000000000 -0.0343398000 0.0000000000 0.0000000000
0.0000000000 0.0055815000 0.0000000000 0.0000000000 -0.0634691000 0.0000000000 0.0000000000 0.0922274000 0.0000000000 0.0000000000 -0.0343398000 0.0000000000
0.0000000000 0.0000000000 0.0057319000 0.0000000000 0.0000000000 -1.1178989000 0.0000000000 0.0000000000 1.5417029000 0.0000000000 0.0000000000 -0.4295359000
0.0060121000 0.0000000000 0.0000000000 0.0055815000 0.0000000000 0.0000000000 -0.0343398000 0.0000000000 0.0000000000 0.0227462000 0.0000000000 0.0000000000
0.0000000000 0.0060121000 0.0000000000 0.0000000000 0.0055815000 0.0000000000 0.0000000000 -0.0343398000 0.0000000000 0.0000000000 0.0227462000 0.0000000000
0.0000000000 0.0000000000 0.0000917000 0.0000000000 0.0000000000 0.0057319000 0.0000000000 0.0000000000 -0.4295359000 0.0000000000 0.0000000000 0.4237123000
